v3.0 hex words addressed
00: c8 34 49 33 5d 21 34 7d 20 33 4d 9b 20 31 4d ff
10: f6 c9 33 71 a0 b8 c9 20 33 4d 20 36 5d 23 30 7d
20: 20 36 4d 9b 20 31 4d f7 a0 df cd f6 c9 21 3a 71
30: a0 b0 89 b3 8d cb b6 99 a0 b1 89 b4 8d cb b7 99
40: a0 b2 89 b5 8d cb b8 99 24 39 71 00 00 00 00 00
50: 00 00 00 00 00 00 00 00 00 00 00 00 00 00 00 00
60: 00 00 00 00 00 00 00 00 00 00 00 00 00 00 00 00
70: 00 00 00 00 00 00 00 00 00 00 00 00 00 00 00 00
80: 00 00 00 00 00 00 00 00 00 00 00 00 00 00 00 00
90: 00 00 00 00 00 00 00 00 00 00 00 00 00 00 00 00
a0: 00 00 00 00 00 00 00 00 00 00 00 00 00 00 00 00
b0: 00 00 00 00 00 00 00 00 00 00 00 00 00 00 00 00
c0: 00 00 00 00 00 00 00 00 00 00 00 00 00 00 00 00
d0: 00 00 00 00 00 00 00 00 00 00 00 00 00 00 00 00
e0: 00 00 00 00 00 00 00 00 00 00 00 00 00 00 00 00
f0: 00 00 00 00 00 00 00 00 00 00 00 00 00 00 00 00
